-4.43 -4.51 -0.45 4.03 4.80 1.16 -3.55 -4.99 -1.85 3.00 5.08 2.50 -2.39 -5.08 -3.10 1.73 4.96 3.64 -1.03 -4.75 -4.11 0.32 4.45 4.49 0.40 -4.06 -4.78 -1.11 3.58 4.98 1.80 -3.03 -5.08 -2.46 2.43 5.08 3.06 -1.77 -4.97 -3.61 1.08 4.77 4.08 -0.36 -4.47 -4.47 -0.36 4.08 4.77 1.07 
1.29 -3.38 -4.95 -1.97 2.82 5.02 2.60 -2.21 -4.99 -3.18 1.55 4.85 3.69 -0.86 -4.63 -4.14 0.16 4.31 4.50 0.55 -3.90 -4.77 -1.25 3.41 4.94 1.93 -2.86 -5.02 -2.56 2.25 4.99 3.14 -1.59 -4.87 -3.66 0.91 4.64 4.11 -0.20 -4.33 -4.48 -0.51 3.93 4.75 1.21 -3.45 -4.93 -1.88 2.90 5.01 
5.44 1.86 -3.43 -5.57 -2.59 2.77 5.58 3.26 -2.06 -5.49 -3.87 1.31 5.28 4.40 -0.53 -4.97 -4.84 -0.26 4.56 5.19 1.05 -4.05 -5.43 -1.81 3.47 5.56 2.54 -2.82 -5.59 -3.22 2.11 5.50 3.83 -1.36 -5.30 -4.37 0.58 4.99 4.82 0.21 -4.59 -5.17 -1.00 4.09 5.42 1.77 -3.51 -5.56 -2.50 2.86 
2.97 4.84 2.26 -2.40 -4.85 -2.84 1.78 4.76 3.37 -1.12 -4.58 -3.83 0.44 4.31 4.21 0.24 -3.95 -4.51 -0.93 3.51 4.72 1.59 -3.00 -4.84 -2.22 2.44 4.85 2.81 -1.82 -4.77 -3.34 1.16 4.60 3.80 -0.49 -4.33 -4.19 -0.20 3.98 4.50 0.88 -3.54 -4.71 -1.55 3.04 4.83 2.18 -2.47 -4.85 -2.77 
-3.11 1.93 5.20 3.69 -1.21 -5.00 -4.19 0.47 4.70 4.61 0.28 -4.31 -4.93 -1.02 3.83 5.16 1.75 -3.27 -5.28 -2.44 2.65 5.30 3.08 -1.98 -5.21 -3.66 1.26 5.02 4.16 -0.52 -4.72 -4.58 -0.23 4.34 4.92 0.98 -3.86 -5.15 -1.70 3.31 5.28 2.39 -2.69 -5.30 -3.04 2.02 5.22 3.62 -1.31 -5.03 
-5.41 -3.33 1.82 5.29 3.90 -1.08 -5.06 -4.39 0.31 4.73 4.80 0.45 -4.31 -5.11 -1.21 3.80 5.32 1.95 -3.21 -5.42 -2.64 2.56 5.42 3.29 -1.86 -5.30 -3.86 1.12 5.08 4.36 -0.36 -4.76 -4.78 -0.41 4.34 5.09 1.17 -3.83 -5.31 -1.90 3.25 5.42 2.60 -2.61 -5.42 -3.25 1.91 5.31 3.83 -1.17 
-1.13 -4.54 -3.78 0.46 4.27 4.16 0.22 -3.92 -4.46 -0.90 3.49 4.66 1.55 -2.98 -4.78 -2.18 2.42 4.80 2.76 -1.81 -4.72 -3.29 1.17 4.55 3.75 -0.50 -4.29 -4.14 -0.18 3.94 4.44 0.86 -3.51 -4.65 -1.51 3.02 4.78 2.14 -2.46 -4.80 -2.73 1.85 4.73 3.26 -1.21 -4.56 -3.72 0.54 4.31 4.11 
4.53 -0.23 -4.78 -4.93 -0.55 4.34 5.24 1.32 -3.81 -5.44 -2.07 3.20 5.53 2.77 -2.53 -5.51 -3.42 1.81 5.38 4.00 -1.06 -5.14 -4.50 0.28 4.80 4.91 0.50 -4.37 -5.22 -1.28 3.84 5.43 2.02 -3.24 -5.53 -2.73 2.58 5.51 3.38 -1.86 -5.39 -3.97 1.11 5.16 4.47 -0.33 -4.83 -4.89 -0.45 4.40 
4.68 4.36 0.03 -4.32 -4.70 -0.76 3.88 4.95 1.47 -3.36 -5.11 -2.15 2.78 5.16 2.79 -2.14 -5.10 -3.38 1.45 4.95 3.89 -0.74 -4.69 -4.33 0.01 4.35 4.68 0.71 -3.91 -4.94 -1.43 3.40 5.10 2.11 -2.82 -5.16 -2.76 2.18 5.11 3.34 -1.50 -4.96 -3.86 0.79 4.71 4.31 -0.06 -4.37 -4.66 -0.67 
-0.86 3.65 4.80 1.55 -3.13 -4.93 -2.20 2.56 4.96 2.80 -1.93 -4.89 -3.35 1.27 4.72 3.83 -0.58 -4.46 -4.24 -0.12 4.11 4.56 0.82 -3.68 -4.79 -1.50 3.17 4.93 2.16 -2.60 -4.96 -2.76 1.97 4.90 3.32 -1.31 -4.74 -3.81 0.62 4.48 4.22 0.08 -4.13 -4.54 -0.78 3.70 4.78 1.46 -3.20 -4.92 
-5.35 -1.50 3.73 5.53 2.25 -3.10 -5.60 -2.95 2.42 5.56 3.59 -1.68 -5.40 -4.16 0.91 5.14 4.65 -0.12 -4.78 -5.04 -0.67 4.32 5.34 1.45 -3.77 -5.52 -2.20 3.15 5.60 2.91 -2.46 -5.56 -3.55 1.73 5.42 4.13 -0.96 -5.16 -4.62 0.17 4.80 5.02 0.62 -4.35 -5.32 -1.40 3.81 5.52 2.16 -3.19 
-3.33 -4.82 -1.88 2.79 4.89 2.50 -2.20 -4.87 -3.07 1.56 4.75 3.58 -0.88 -4.53 -4.01 0.20 4.22 4.37 0.50 -3.83 -4.64 -1.18 3.36 4.81 1.84 -2.83 -4.89 -2.46 2.23 4.87 3.03 -1.60 -4.76 -3.55 0.93 4.55 3.99 -0.24 -4.25 -4.35 -0.45 3.86 4.62 1.14 -3.39 -4.80 -1.80 2.86 4.89 2.42 
2.74 -2.28 -5.20 -3.35 1.59 5.06 3.88 -0.87 -4.82 -4.34 0.13 4.48 4.71 0.61 -4.05 -4.99 -1.34 3.54 5.17 2.04 -2.96 -5.24 -2.70 2.32 5.21 3.31 -1.63 -5.07 -3.85 0.91 4.84 4.31 -0.18 -4.50 -4.69 -0.56 4.08 4.97 1.29 -3.58 -5.16 -2.00 3.00 5.24 2.66 -2.36 -5.21 -3.27 1.68 5.09 
5.48 3.04 -2.20 -5.41 -3.65 1.47 5.24 4.19 -0.71 -4.96 -4.65 -0.06 4.58 5.01 0.84 -4.11 -5.27 -1.59 3.55 5.43 2.32 -2.93 -5.48 -2.99 2.24 5.42 3.61 -1.52 -5.25 -4.16 0.76 4.98 4.62 0.02 -4.60 -4.99 -0.79 4.14 5.26 1.55 -3.59 -5.42 -2.27 2.97 5.48 2.95 -2.29 -5.43 -3.58 1.56 
1.55 4.66 3.48 -0.90 -4.45 -3.91 0.22 4.15 4.26 0.46 -3.77 -4.53 -1.12 3.32 4.71 1.77 -2.79 -4.79 -2.38 2.22 4.78 2.95 -1.59 -4.67 -3.45 0.94 4.46 3.89 -0.27 -4.17 -4.24 -0.41 3.80 4.52 1.08 -3.35 -4.70 -1.73 2.83 4.79 2.35 -2.25 -4.78 -2.91 1.63 4.68 3.42 -0.98 -4.48 -3.86 
-4.26 0.61 4.93 4.71 0.16 -4.53 -5.06 -0.94 4.05 5.31 1.69 -3.49 -5.46 -2.41 2.85 5.49 3.08 -2.16 -5.42 -3.70 1.43 5.24 4.23 -0.66 -4.95 -4.68 -0.11 4.56 5.04 0.89 -4.08 -5.30 -1.64 3.52 5.45 2.37 -2.89 -5.49 -3.04 2.21 5.43 3.66 -1.47 -5.25 -4.20 0.71 4.97 4.66 0.07 -4.59 
-4.89 -4.18 0.38 4.59 4.58 0.36 -4.19 -4.89 -1.09 3.71 5.10 1.80 -3.15 -5.21 -2.47 2.53 5.21 3.10 -1.86 -5.11 -3.66 1.16 4.91 4.15 -0.43 -4.61 -4.55 -0.31 4.22 4.87 1.04 -3.74 -5.09 -1.75 3.19 5.20 2.43 -2.57 -5.21 -3.06 1.91 5.12 3.63 -1.20 -4.93 -4.12 0.47 4.63 4.53 0.26 
0.43 -3.89 -4.63 -1.11 3.42 4.81 1.78 -2.89 -4.90 -2.41 2.30 4.90 2.99 -1.67 -4.79 -3.51 1.00 4.59 3.96 -0.31 -4.29 -4.33 -0.38 3.91 4.61 1.07 -3.46 -4.81 -1.74 2.93 4.90 2.37 -2.34 -4.90 -2.95 1.71 4.80 3.48 -1.04 -4.60 -3.93 0.35 4.31 4.31 0.34 -3.94 -4.60 -1.03 3.49 4.80 
5.23 1.13 -4.01 -5.46 -1.89 3.42 5.58 2.62 -2.75 -5.60 -3.29 2.04 5.49 3.90 -1.28 -5.28 -4.43 0.50 4.97 4.87 0.29 -4.55 -5.21 -1.08 4.04 5.45 1.85 -3.46 -5.58 -2.57 2.80 5.60 3.25 -2.08 -5.50 -3.86 1.33 5.30 4.40 -0.55 -4.99 -4.84 -0.24 4.58 5.19 1.03 -4.08 -5.44 -1.80 3.49 
3.67 4.77 1.49 -3.17 -4.91 -2.14 2.60 4.94 2.75 -1.98 -4.88 -3.30 1.32 4.72 3.79 -0.63 -4.47 -4.20 -0.07 4.13 4.52 0.76 -3.70 -4.76 -1.44 3.20 4.90 2.10 -2.64 -4.95 -2.71 2.02 4.89 3.27 -1.36 -4.74 -3.76 0.68 4.49 4.17 0.02 -4.15 -4.51 -0.72 3.73 4.75 1.40 -3.23 -4.90 -2.06 
-2.35 2.61 5.17 2.98 -1.95 -5.09 -3.55 1.26 4.91 4.04 -0.54 -4.62 -4.46 -0.20 4.25 4.79 0.93 -3.79 -5.02 -1.63 3.25 5.15 2.31 -2.65 -5.18 -2.94 2.00 5.10 3.51 -1.30 -4.92 -4.02 0.58 4.64 4.44 0.15 -4.27 -4.77 -0.88 3.82 5.01 1.59 -3.29 -5.14 -2.27 2.69 5.18 2.90 -2.04 -5.11 
-5.51 -2.73 2.57 5.50 3.38 -1.85 -5.38 -3.96 1.10 5.15 4.46 -0.33 -4.81 -4.88 -0.46 4.38 5.19 1.23 -3.87 -5.41 -1.98 3.27 5.51 2.68 -2.61 -5.51 -3.34 1.90 5.39 3.93 -1.15 -5.17 -4.43 0.37 4.84 4.85 0.41 -4.41 -5.18 -1.18 3.90 5.40 1.93 -3.31 -5.51 -2.64 2.65 5.51 3.30 -1.94 
-1.97 -4.75 -3.16 1.33 4.60 3.64 -0.67 -4.36 -4.04 -0.01 4.03 4.37 0.69 -3.63 -4.61 -1.35 3.15 4.75 1.99 -2.60 -4.80 -2.58 2.01 4.75 3.13 -1.37 -4.61 -3.61 0.71 4.38 4.02 -0.03 -4.06 -4.35 -0.65 3.65 4.59 1.31 -3.18 -4.74 -1.95 2.64 4.80 2.55 -2.05 -4.76 -3.10 1.41 4.62 3.58 
3.97 -0.99 -5.05 -4.46 0.23 4.70 4.86 0.54 -4.27 -5.16 -1.30 3.75 5.35 2.04 -3.15 -5.44 -2.73 2.49 5.42 3.37 -1.79 -5.30 -3.94 1.04 5.06 4.43 -0.28 -4.73 -4.83 -0.49 4.30 5.14 1.26 -3.78 -5.34 -1.99 3.19 5.44 2.69 -2.54 -5.43 -3.33 1.83 5.31 3.90 -1.09 -5.08 -4.40 0.32 4.75 
5.08 3.97 -0.79 -4.83 -4.42 0.05 4.47 4.79 0.70 -4.03 -5.05 -1.43 3.51 5.22 2.13 -2.92 -5.28 -2.79 2.26 5.24 3.40 -1.57 -5.09 -3.94 0.84 4.84 4.39 -0.09 -4.50 -4.77 -0.65 4.06 5.04 1.39 -3.54 -5.21 -2.09 2.95 5.28 2.76 -2.31 -5.25 -3.36 1.61 5.11 3.91 -0.89 -4.86 -4.37 0.14 
0.01 4.10 4.42 0.68 -3.69 -4.67 -1.35 3.21 4.82 2.00 -2.66 -4.87 -2.60 2.06 4.83 3.16 -1.41 -4.69 -3.65 0.74 4.45 4.07 -0.05 -4.13 -4.41 -0.63 3.72 4.65 1.31 -3.24 -4.81 -1.96 2.69 4.87 2.57 -2.10 -4.83 -3.13 1.45 4.70 3.62 -0.78 -4.47 -4.04 0.10 4.15 4.39 0.59 -3.75 -4.64 
-5.07 -0.75 4.26 5.36 1.53 -3.71 -5.53 -2.27 3.08 5.60 2.97 -2.39 -5.55 -3.61 1.65 5.39 4.18 -0.88 -5.12 -4.66 0.09 4.76 5.05 0.70 -4.29 -5.34 -1.48 3.74 5.52 2.23 -3.12 -5.60 -2.93 2.43 5.56 3.57 -1.70 -5.40 -4.14 0.93 5.14 4.63 -0.14 -4.78 -5.03 -0.65 4.32 5.33 1.43 -3.78 
-3.99 -4.69 -1.08 3.52 4.89 1.76 -2.98 -4.99 -2.41 2.39 4.99 3.00 -1.74 -4.89 -3.53 1.07 4.69 4.00 -0.37 -4.39 -4.38 -0.34 4.01 4.68 1.04 -3.55 -4.88 -1.72 3.02 4.98 2.37 -2.43 -4.99 -2.96 1.79 4.89 3.50 -1.11 -4.70 -3.97 0.41 4.41 4.36 0.30 -4.04 -4.66 -1.00 3.58 4.87 1.68 
1.95 -2.93 -5.11 -2.60 2.31 5.09 3.19 -1.64 -4.96 -3.72 0.94 4.74 4.18 -0.22 -4.42 -4.56 -0.50 4.01 4.84 1.22 -3.52 -5.02 -1.91 2.96 5.11 2.56 -2.35 -5.09 -3.16 1.68 4.97 3.69 -0.98 -4.75 -4.16 0.26 4.44 4.53 0.46 -4.04 -4.82 -1.17 3.55 5.01 1.86 -3.00 -5.11 -2.52 2.39 5.10 
5.51 2.40 -2.92 -5.56 -3.08 2.22 5.49 3.70 -1.48 -5.31 -4.25 0.71 5.02 4.71 0.07 -4.64 -5.08 -0.86 4.16 5.35 1.62 -3.60 -5.51 -2.35 2.96 5.56 3.04 -2.27 -5.49 -3.67 1.53 5.32 4.22 -0.76 -5.04 -4.69 -0.02 4.66 5.06 0.81 -4.19 -5.33 -1.57 3.63 5.50 2.31 -3.00 -5.56 -3.00 2.31 
2.37 4.81 2.82 -1.76 -4.72 -3.34 1.11 4.54 3.80 -0.44 -4.27 -4.18 -0.25 3.91 4.47 0.92 -3.48 -4.68 -1.58 2.97 4.79 2.21 -2.41 -4.81 -2.79 1.80 4.73 3.31 -1.15 -4.55 -3.77 0.48 4.29 4.16 0.20 -3.94 -4.46 -0.88 3.51 4.67 1.54 -3.01 -4.79 -2.17 2.45 4.81 2.75 -1.84 -4.74 -3.28 
-3.65 1.37 5.13 4.18 -0.62 -4.84 -4.62 -0.15 4.46 4.97 0.91 -3.99 -5.21 -1.65 3.43 5.36 2.36 -2.81 -5.40 -3.02 2.13 5.32 3.62 -1.41 -5.15 -4.15 0.66 4.87 4.59 0.10 -4.49 -4.95 -0.86 4.02 5.20 1.60 -3.47 -5.35 -2.31 2.85 5.40 2.98 -2.18 -5.33 -3.58 1.46 5.16 4.12 -0.71 -4.89 
-5.24 -3.73 1.20 5.03 4.24 -0.45 -4.73 -4.65 -0.30 4.33 4.98 1.05 -3.84 -5.20 -1.78 3.28 5.32 2.48 -2.65 -5.34 -3.12 1.97 5.25 3.70 -1.25 -5.05 -4.21 0.50 4.75 4.63 0.26 -4.35 -4.96 -1.01 3.87 5.19 1.74 -3.31 -5.32 -2.43 2.69 5.34 3.08 -2.01 -5.25 -3.67 1.29 5.06 4.18 -0.55 
-0.45 -4.29 -4.19 -0.23 3.94 4.49 0.91 -3.50 -4.70 -1.57 3.00 4.81 2.20 -2.43 -4.83 -2.79 1.82 4.75 3.32 -1.17 -4.58 -3.78 0.49 4.31 4.17 0.19 -3.96 -4.47 -0.87 3.53 4.69 1.53 -3.03 -4.81 -2.17 2.47 4.83 2.75 -1.86 -4.76 -3.29 1.21 4.59 3.76 -0.53 -4.33 -4.15 -0.15 3.99 4.46 
4.88 0.37 -4.48 -5.22 -1.15 3.97 5.44 1.91 -3.38 -5.56 -2.63 2.72 5.57 3.30 -2.00 -5.46 -3.90 1.25 5.25 4.42 -0.47 -4.93 -4.86 -0.32 4.51 5.20 1.10 -4.01 -5.43 -1.86 3.42 5.56 2.59 -2.76 -5.57 -3.26 2.05 5.47 3.86 -1.30 -5.27 -4.39 0.52 4.95 4.84 0.27 -4.54 -5.18 -1.05 4.04 
4.28 4.58 0.68 -3.85 -4.84 -1.38 3.35 5.00 2.05 -2.78 -5.06 -2.68 2.16 5.02 3.26 -1.49 -4.87 -3.77 0.80 4.63 4.21 -0.08 -4.30 -4.56 -0.63 3.88 4.83 1.33 -3.39 -4.99 -2.01 2.82 5.06 2.64 -2.20 -5.02 -3.23 1.54 4.89 3.74 -0.84 -4.65 -4.19 0.13 4.32 4.55 0.59 -3.91 -4.81 -1.29 
-1.53 3.22 5.02 2.20 -2.64 -5.05 -2.82 2.01 4.99 3.38 -1.33 -4.82 -3.88 0.63 4.56 4.29 0.08 -4.21 -4.63 -0.79 3.77 4.87 1.49 -3.26 -5.01 -2.16 2.68 5.05 2.78 -2.05 -4.99 -3.35 1.38 4.83 3.85 -0.68 -4.58 -4.27 -0.04 4.23 4.61 0.75 -3.80 -4.85 -1.45 3.29 5.00 2.11 -2.72 -5.05 
-5.48 -2.06 3.25 5.57 2.77 -2.58 -5.56 -3.43 1.86 5.43 4.01 -1.10 -5.20 -4.52 0.31 4.86 4.94 0.48 -4.42 -5.25 -1.26 3.90 5.47 2.01 -3.29 -5.57 -2.73 2.63 5.56 3.39 -1.90 -5.44 -3.98 1.14 5.22 4.49 -0.36 -4.88 -4.91 -0.43 4.45 5.24 1.21 -3.93 -5.46 -1.97 3.33 5.57 2.68 -2.67 
-2.76 -4.84 -2.46 2.17 4.81 3.03 -1.54 -4.69 -3.53 0.88 4.48 3.96 -0.20 -4.18 -4.31 -0.49 3.79 4.58 1.16 -3.33 -4.76 -1.81 2.80 4.83 2.43 -2.21 -4.82 -2.99 1.58 4.70 3.50 -0.92 -4.49 -3.94 0.24 4.20 4.30 0.44 -3.81 -4.57 -1.12 3.36 4.75 1.77 -2.83 -4.83 -2.39 2.25 4.82 2.96 
3.31 -1.73 -5.19 -3.87 1.00 4.95 4.35 -0.25 -4.62 -4.74 -0.50 4.20 5.04 1.25 -3.69 -5.24 -1.97 3.11 5.33 2.65 -2.47 -5.32 -3.28 1.78 5.20 3.84 -1.05 -4.97 -4.32 0.30 4.65 4.72 0.46 -4.23 -5.03 -1.20 3.73 5.23 1.92 -3.15 -5.33 -2.61 2.51 5.32 3.24 -1.82 -5.21 -3.81 1.10 4.99 
5.36 3.48 -1.60 -5.21 -4.03 0.85 4.95 4.49 -0.09 -4.60 -4.87 -0.67 4.15 5.15 1.42 -3.62 -5.33 -2.14 3.02 5.40 2.82 -2.35 -5.36 -3.44 1.64 5.22 3.99 -0.90 -4.97 -4.47 0.14 4.62 4.85 0.62 -4.18 -5.14 -1.37 3.65 5.32 2.10 -3.06 -5.40 -2.78 2.40 5.37 3.40 -1.69 -5.23 -3.96 0.95 
0.89 4.46 3.93 -0.21 -4.16 -4.28 -0.47 3.78 4.55 1.14 -3.32 -4.73 -1.79 2.79 4.81 2.40 -2.21 -4.79 -2.97 1.58 4.68 3.47 -0.93 -4.47 -3.91 0.25 4.18 4.26 0.43 -3.80 -4.54 -1.10 3.35 4.72 1.75 -2.83 -4.80 -2.37 2.25 4.79 2.93 -1.62 -4.69 -3.44 0.97 4.49 3.88 -0.29 -4.20 -4.25 
-4.66 0.02 4.68 5.04 0.77 -4.21 -5.32 -1.54 3.66 5.49 2.27 -3.03 -5.55 -2.97 2.35 5.50 3.60 -1.61 -5.34 -4.16 0.85 5.08 4.64 -0.07 -4.71 -5.02 -0.72 4.24 5.31 1.49 -3.70 -5.48 -2.23 3.08 5.55 2.92 -2.39 -5.51 -3.56 1.66 5.36 4.13 -0.90 -5.10 -4.61 0.11 4.73 5.00 0.67 -4.28 
-4.54 -4.45 -0.26 4.16 4.76 0.98 -3.70 -4.98 -1.68 3.16 5.10 2.35 -2.56 -5.12 -2.97 1.91 5.03 3.53 -1.22 -4.84 -4.02 0.51 4.56 4.42 0.22 -4.19 -4.74 -0.94 3.73 4.97 1.64 -3.20 -5.09 -2.31 2.60 5.12 2.93 -1.95 -5.04 -3.49 1.26 4.86 3.99 -0.55 -4.58 -4.40 -0.17 4.21 4.73 0.89 
1.11 -3.50 -4.89 -1.78 2.96 4.98 2.42 -2.37 -4.98 -3.01 1.72 4.87 3.55 -1.04 -4.67 -4.01 0.34 4.38 4.39 0.36 -3.99 -4.68 -1.06 3.53 4.88 1.74 -3.00 -4.98 -2.38 2.40 4.98 2.98 -1.76 -4.88 -3.51 1.09 4.69 3.98 -0.39 -4.40 -4.37 -0.32 4.02 4.66 1.02 -3.56 -4.87 -1.70 3.03 4.98 
5.41 1.70 -3.57 -5.56 -2.44 2.92 5.60 3.12 -2.22 -5.52 -3.75 1.47 5.34 4.30 -0.70 -5.05 -4.76 -0.10 4.66 5.13 0.88 -4.17 -5.39 -1.66 3.60 5.55 2.39 -2.96 -5.60 -3.08 2.26 5.53 3.71 -1.52 -5.35 -4.27 0.74 5.07 4.73 0.05 -4.69 -5.11 -0.84 4.21 5.38 1.61 -3.64 -5.54 -2.35 3.01 
3.13 4.83 2.09 -2.57 -4.87 -2.69 1.96 4.81 3.24 -1.31 -4.66 -3.72 0.64 4.41 4.13 0.05 -4.07 -4.45 -0.74 3.66 4.69 1.41 -3.17 -4.83 -2.05 2.61 4.87 2.66 -2.00 -4.82 -3.21 1.36 4.67 3.69 -0.68 -4.43 -4.10 -0.01 4.10 4.43 0.69 -3.68 -4.68 -1.37 3.20 4.82 2.01 -2.65 -4.87 -2.62 
-2.95 2.09 5.21 3.54 -1.38 -5.03 -4.06 0.65 4.76 4.49 0.10 -4.39 -4.84 -0.84 3.93 5.09 1.57 -3.39 -5.24 -2.26 2.79 5.28 2.91 -2.13 -5.21 -3.51 1.43 5.05 4.03 -0.69 -4.78 -4.47 -0.05 4.41 4.82 0.79 -3.96 -5.08 -1.52 3.43 5.23 2.22 -2.83 -5.28 -2.87 2.17 5.22 3.47 -1.47 -5.06 
-5.45 -3.20 1.99 5.35 3.79 -1.25 -5.14 -4.31 0.49 4.84 4.74 0.28 -4.43 -5.07 -1.05 3.94 5.30 1.79 -3.37 -5.43 -2.50 2.73 5.45 3.16 -2.03 -5.36 -3.76 1.30 5.16 4.28 -0.54 -4.86 -4.71 -0.23 4.46 5.05 1.00 -3.97 -5.29 -1.75 3.40 5.43 2.46 -2.77 -5.45 -3.12 2.08 5.37 3.72 -1.35 
-1.32 -4.59 -3.65 0.65 4.35 4.05 0.03 -4.02 -4.37 -0.70 3.61 4.61 1.37 -3.13 -4.75 -2.00 2.59 4.80 2.60 -1.99 -4.75 -3.14 1.36 4.61 3.62 -0.69 -4.37 -4.03 0.02 4.05 4.36 0.66 -3.64 -4.60 -1.33 3.17 4.75 1.96 -2.62 -4.80 -2.56 2.03 4.76 3.11 -1.40 -4.62 -3.59 0.74 4.39 4.01 
