kernel line : count latency dram_traffic smem_bk_conflicts smem_warp gmem_access_generated gmem_warp exposed_latency warp_divergence
test.1.sm_30.ptx 415 : 32 192 0 0 0 0 0 0 0 
test.1.sm_30.ptx 410 : 32 192 0 0 0 0 0 0 0 
test.1.sm_30.ptx 403 : 32 192 0 0 0 0 0 0 0 
test.1.sm_30.ptx 395 : 32 224 0 0 0 0 0 0 0 
test.1.sm_30.ptx 394 : 32 192 0 0 0 0 0 0 0 
test.1.sm_30.ptx 389 : 2048 20480 0 0 0 0 0 0 0 
test.1.sm_30.ptx 387 : 8192 36864 0 0 0 0 0 0 0 
test.1.sm_30.ptx 386 : 8192 57344 0 0 0 0 0 0 0 
test.1.sm_30.ptx 365 : 8192 187200 0 0 0 0 0 0 0 
test.1.sm_30.ptx 360 : 8192 1159040 0 0 0 0 0 0 0 
test.1.sm_30.ptx 352 : 8192 187872 0 0 0 0 0 0 0 
test.1.sm_30.ptx 350 : 8192 187840 0 0 0 0 0 0 0 
test.1.sm_30.ptx 344 : 8192 187808 0 0 0 0 0 0 0 
test.1.sm_30.ptx 339 : 8192 1161472 0 0 0 0 0 0 0 
test.1.sm_30.ptx 331 : 8192 187872 0 0 0 0 0 0 0 
test.1.sm_30.ptx 329 : 8192 187840 0 0 0 0 0 0 0 
test.1.sm_30.ptx 323 : 8192 187808 0 0 0 0 0 0 0 
test.1.sm_30.ptx 318 : 8192 1160928 0 0 0 0 0 0 0 
test.1.sm_30.ptx 310 : 8192 187872 0 0 0 0 0 0 0 
test.1.sm_30.ptx 308 : 8192 187840 0 0 0 0 0 0 0 
test.1.sm_30.ptx 302 : 8192 187808 0 0 0 0 0 0 0 
test.1.sm_30.ptx 297 : 8192 1160384 0 0 0 0 0 0 0 
test.1.sm_30.ptx 289 : 8192 187872 0 0 0 0 0 0 0 
test.1.sm_30.ptx 287 : 8192 187840 0 0 0 0 0 0 0 
test.1.sm_30.ptx 301 : 8192 185824 0 0 0 0 0 0 0 
test.1.sm_30.ptx 134 : 8192 186592 0 0 0 0 0 0 0 
test.1.sm_30.ptx 133 : 8192 184576 0 0 0 0 0 0 0 
test.1.sm_30.ptx 212 : 8192 49152 0 0 0 0 0 0 0 
test.1.sm_30.ptx 119 : 8192 176608 0 0 0 0 0 0 0 
test.1.sm_30.ptx 40 : 32 192 0 0 0 0 0 0 0 
test.1.sm_30.ptx 100 : 8192 160512 0 0 0 0 0 0 0 
test.1.sm_30.ptx 98 : 8192 144320 0 0 0 0 0 0 0 
test.1.sm_30.ptx 296 : 8192 49152 0 0 0 0 0 0 0 
test.1.sm_30.ptx 129 : 8192 1156064 0 0 0 0 0 0 0 
test.1.sm_30.ptx 338 : 8192 49152 0 0 0 0 0 0 0 
test.1.sm_30.ptx 171 : 8192 1159072 0 0 0 0 0 0 0 
test.1.sm_30.ptx 128 : 8192 49152 0 0 0 0 0 0 0 
test.1.sm_30.ptx 49 : 8192 49152 0 0 0 0 0 0 0 
test.1.sm_30.ptx 91 : 8192 87488 0 0 0 0 0 0 0 
test.1.sm_30.ptx 170 : 8192 49152 0 0 0 0 0 0 0 
test.1.sm_30.ptx 79 : 8192 91648 0 0 0 0 0 0 0 
test.1.sm_30.ptx 266 : 8192 187840 0 0 0 0 0 0 0 
test.1.sm_30.ptx 317 : 8192 49152 0 0 0 0 0 0 0 
test.1.sm_30.ptx 150 : 8192 1157600 0 0 0 0 0 0 0 
test.1.sm_30.ptx 107 : 8192 49152 0 0 0 0 0 0 0 
test.1.sm_30.ptx 70 : 8192 32768 0 0 0 0 0 0 0 
test.1.sm_30.ptx 149 : 8192 49152 0 0 0 0 0 0 0 
test.1.sm_30.ptx 411 : 32 10208 0 0 0 0 0 0 0 
test.1.sm_30.ptx 77 : 8192 53120 0 0 0 0 0 0 0 
test.1.sm_30.ptx 359 : 8192 49152 0 0 0 0 0 0 0 
test.1.sm_30.ptx 192 : 8192 1159488 0 0 0 0 0 0 0 
test.1.sm_30.ptx 373 : 8192 187296 0 0 0 0 0 0 0 
test.1.sm_30.ptx 39 : 32 320 0 0 0 0 0 0 0 
test.1.sm_30.ptx 364 : 8192 185184 0 0 0 0 0 0 0 
test.1.sm_30.ptx 197 : 8192 187136 0 0 0 0 0 0 0 
test.1.sm_30.ptx 276 : 8192 1161440 0 0 0 0 0 0 0 
test.1.sm_30.ptx 390 : 2048 14336 0 0 0 0 0 0 0 
test.1.sm_30.ptx 56 : 8192 40960 0 0 0 0 0 0 0 
test.1.sm_30.ptx 112 : 8192 166432 0 0 0 0 0 0 0 
test.1.sm_30.ptx 191 : 8192 49152 0 0 0 0 0 0 0 
test.1.sm_30.ptx 196 : 8192 184960 0 0 0 0 0 0 0 
test.1.sm_30.ptx 108 : 8192 1129984 0 0 0 0 0 0 0 
test.1.sm_30.ptx 275 : 8192 49152 0 0 0 0 0 0 0 
test.1.sm_30.ptx 371 : 8192 187264 0 0 0 0 0 0 0 
test.1.sm_30.ptx 37 : 32 288 0 0 0 0 0 0 0 
test.1.sm_30.ptx 35 : 32 192 0 0 0 0 0 0 0 
test.1.sm_30.ptx 43 : 2048 12288 0 0 0 0 0 0 0 
test.1.sm_30.ptx 113 : 8192 156352 0 0 0 0 0 0 0 
test.1.sm_30.ptx 280 : 8192 185792 0 0 0 0 0 0 0 
test.1.sm_30.ptx 380 : 8192 49152 0 0 0 0 0 0 0 
test.1.sm_30.ptx 213 : 8192 1160480 0 0 0 0 0 0 0 
test.1.sm_30.ptx 46 : 8192 49152 0 0 0 0 0 0 0 
test.1.sm_30.ptx 121 : 8192 186720 0 0 0 0 0 0 0 
test.1.sm_30.ptx 381 : 8192 1159520 0 0 0 0 0 0 0 
test.1.sm_30.ptx 47 : 8192 32768 0 0 0 0 0 0 0 
test.1.sm_30.ptx 38 : 32 288 0 0 0 0 0 0 0 
test.1.sm_30.ptx 205 : 8192 187296 0 0 0 0 0 0 0 
test.1.sm_30.ptx 48 : 8192 32768 0 0 0 0 0 0 0 
test.1.sm_30.ptx 65 : 8192 49152 0 0 0 0 0 0 0 
test.1.sm_30.ptx 86 : 8192 49152 0 0 0 0 0 0 0 
test.1.sm_30.ptx 391 : 2048 12096 0 0 0 0 0 0 0 
test.1.sm_30.ptx 224 : 8192 187328 0 0 0 0 0 0 0 
test.1.sm_30.ptx 245 : 8192 187808 0 0 0 0 0 0 0 
test.1.sm_30.ptx 58 : 8192 43008 0 0 0 0 0 0 0 
test.1.sm_30.ptx 140 : 8192 186688 0 0 0 0 0 0 0 
test.1.sm_30.ptx 142 : 8192 186720 0 0 0 0 0 0 0 
test.1.sm_30.ptx 154 : 8192 184576 0 0 0 0 0 0 0 
test.1.sm_30.ptx 66 : 8192 915808 0 0 0 0 0 0 0 
test.1.sm_30.ptx 233 : 8192 49152 0 0 0 0 0 0 0 
test.1.sm_30.ptx 322 : 8192 185760 0 0 0 0 0 0 0 
test.1.sm_30.ptx 155 : 8192 186592 0 0 0 0 0 0 0 
test.1.sm_30.ptx 401 : 32 160 0 0 0 0 0 0 0 
test.1.sm_30.ptx 234 : 8192 1161472 0 0 0 0 0 0 0 
test.1.sm_30.ptx 161 : 8192 186688 0 0 0 0 0 0 0 
test.1.sm_30.ptx 163 : 8192 186720 0 0 0 0 0 0 0 
test.1.sm_30.ptx 175 : 8192 184576 0 0 0 0 0 0 0 
test.1.sm_30.ptx 87 : 8192 1037856 0 0 0 0 0 0 0 
test.1.sm_30.ptx 254 : 8192 49152 0 0 0 0 0 0 0 
test.1.sm_30.ptx 343 : 8192 185792 0 0 0 0 0 0 0 
test.1.sm_30.ptx 176 : 8192 186656 0 0 0 0 0 0 0 
test.1.sm_30.ptx 255 : 8192 1160928 0 0 0 0 0 0 0 
test.1.sm_30.ptx 182 : 8192 186944 0 0 0 0 0 0 0 
test.1.sm_30.ptx 184 : 8192 187168 0 0 0 0 0 0 0 
test.1.sm_30.ptx 36 : 32 192 0 0 0 0 0 0 0 
test.1.sm_30.ptx 203 : 8192 187264 0 0 0 0 0 0 0 
test.1.sm_30.ptx 50 : 8192 57344 0 0 0 0 0 0 0 
test.1.sm_30.ptx 217 : 8192 185184 0 0 0 0 0 0 0 
test.1.sm_30.ptx 385 : 8192 81920 0 0 0 0 0 0 0 
test.1.sm_30.ptx 218 : 8192 187200 0 0 0 0 0 0 0 
test.1.sm_30.ptx 393 : 32 128 0 0 0 0 0 0 0 
test.1.sm_30.ptx 226 : 8192 187552 0 0 0 0 0 0 0 
test.1.sm_30.ptx 71 : 8192 32768 0 0 0 0 0 0 0 
test.1.sm_30.ptx 238 : 8192 185472 0 0 0 0 0 0 0 
test.1.sm_30.ptx 239 : 8192 187552 0 0 0 0 0 0 0 
test.1.sm_30.ptx 247 : 8192 187872 0 0 0 0 0 0 0 
test.1.sm_30.ptx 92 : 8192 99648 0 0 0 0 0 0 0 
test.1.sm_30.ptx 259 : 8192 185792 0 0 0 0 0 0 0 
test.1.sm_30.ptx 260 : 8192 187808 0 0 0 0 0 0 0 
test.1.sm_30.ptx 268 : 8192 187872 0 0 0 0 0 0 0 
test.1.sm_30.ptx 281 : 8192 187808 0 0 0 0 0 0 0 
