1.00 0.54 -0.42 -0.99 -0.65 0.28 0.96 0.75 -0.15 -0.91 -0.84 0.00 0.84 0.91 0.14 -0.76 -0.96 -0.28 0.66 0.99 0.41 -0.55 -1.00 -0.53 0.42 0.99 0.65 -0.29 -0.96 -0.75 0.15 0.91 0.83 -0.01 -0.85 -0.90 -0.13 0.77 0.96 0.27 -0.67 -0.99 -0.40 0.56 1.00 0.53 -0.43 -0.99 -0.64 0.30 
0.39 -0.56 -1.00 -0.52 0.44 0.99 0.63 -0.31 -0.97 -0.74 0.17 0.92 0.82 -0.03 -0.86 -0.90 -0.11 0.78 0.95 0.25 -0.68 -0.98 -0.38 0.57 1.00 0.51 -0.45 -0.99 -0.63 0.32 0.97 0.73 -0.18 -0.93 -0.82 0.04 0.86 0.89 0.10 -0.78 -0.95 -0.24 0.69 0.98 0.38 -0.58 -1.00 -0.50 0.46 1.00 
-0.69 -0.98 -0.37 0.58 1.00 0.49 -0.46 -1.00 -0.61 0.33 0.97 0.72 -0.20 -0.93 -0.81 0.06 0.87 0.88 0.08 -0.79 -0.94 -0.22 0.70 0.98 0.36 -0.59 -1.00 -0.49 0.47 1.00 0.61 -0.34 -0.98 -0.71 0.21 0.93 0.80 -0.07 -0.88 -0.88 -0.08 0.80 0.94 0.22 -0.71 -0.98 -0.35 0.60 1.00 0.48 
-0.93 -0.21 0.71 0.98 0.34 -0.61 -1.00 -0.47 0.49 1.00 0.59 -0.36 -0.98 -0.70 0.22 0.94 0.79 -0.08 -0.88 -0.87 -0.06 0.81 0.93 0.20 -0.72 -0.97 -0.33 0.61 1.00 0.46 -0.49 -1.00 -0.58 0.37 0.98 0.69 -0.23 -0.94 -0.79 0.09 0.89 0.87 0.05 -0.81 -0.93 -0.19 0.72 0.97 0.33 -0.62 
-0.04 0.82 0.93 0.18 -0.73 -0.97 -0.32 0.63 0.99 0.45 -0.51 -1.00 -0.57 0.38 0.98 0.68 -0.25 -0.95 -0.78 0.11 0.90 0.86 0.03 -0.82 -0.92 -0.17 0.74 0.97 0.31 -0.63 -0.99 -0.44 0.52 1.00 0.56 -0.39 -0.99 -0.67 0.26 0.95 0.77 -0.12 -0.90 -0.85 -0.02 0.83 0.92 0.16 -0.74 -0.96 
0.90 0.85 0.01 -0.83 -0.91 -0.15 0.75 0.96 0.29 -0.65 -0.99 -0.42 0.53 1.00 0.55 -0.41 -0.99 -0.66 0.28 0.96 0.76 -0.14 -0.91 -0.84 -0.00 0.84 0.91 0.15 -0.75 -0.96 -0.28 0.65 0.99 0.42 -0.54 -1.00 -0.54 0.42 0.99 0.65 -0.28 -0.96 -0.75 0.15 0.91 0.84 -0.00 -0.84 -0.91 -0.14 
0.75 -0.15 -0.91 -0.83 0.01 0.85 0.90 0.13 -0.77 -0.96 -0.27 0.67 0.99 0.40 -0.56 -1.00 -0.53 0.43 0.99 0.64 -0.30 -0.96 -0.74 0.16 0.92 0.83 -0.02 -0.85 -0.90 -0.12 0.77 0.95 0.26 -0.67 -0.99 -0.39 0.56 1.00 0.52 -0.44 -0.99 -0.63 0.31 0.97 0.74 -0.17 -0.92 -0.82 0.03 0.86 
-0.32 -0.97 -0.73 0.18 0.93 0.82 -0.04 -0.86 -0.89 -0.10 0.78 0.95 0.24 -0.69 -0.98 -0.38 0.58 1.00 0.50 -0.46 -1.00 -0.62 0.33 0.97 0.72 -0.19 -0.93 -0.81 0.05 0.87 0.89 0.09 -0.79 -0.94 -0.23 0.69 0.98 0.37 -0.58 -1.00 -0.49 0.46 1.00 0.61 -0.33 -0.97 -0.72 0.20 0.93 0.81 
-1.00 -0.61 0.34 0.98 0.71 -0.21 -0.93 -0.80 0.07 0.88 0.88 0.08 -0.80 -0.94 -0.22 0.71 0.98 0.35 -0.60 -1.00 -0.48 0.48 1.00 0.60 -0.35 -0.98 -0.71 0.22 0.94 0.80 -0.08 -0.88 -0.88 -0.07 0.80 0.93 0.21 -0.71 -0.98 -0.34 0.61 1.00 0.47 -0.49 -1.00 -0.59 0.36 0.98 0.70 -0.22 
-0.46 0.49 1.00 0.58 -0.37 -0.98 -0.69 0.23 0.94 0.79 -0.09 -0.89 -0.87 -0.05 0.81 0.93 0.19 -0.72 -0.97 -0.33 0.62 1.00 0.46 -0.50 -1.00 -0.58 0.38 0.98 0.69 -0.24 -0.95 -0.78 0.10 0.89 0.86 0.04 -0.82 -0.93 -0.18 0.73 0.97 0.32 -0.63 -0.99 -0.45 0.51 1.00 0.57 -0.38 -0.98 
0.63 0.99 0.44 -0.52 -1.00 -0.56 0.39 0.99 0.67 -0.26 -0.95 -0.77 0.12 0.90 0.85 0.02 -0.83 -0.92 -0.16 0.74 0.96 0.30 -0.64 -0.99 -0.43 0.53 1.00 0.56 -0.40 -0.99 -0.67 0.27 0.96 0.77 -0.13 -0.90 -0.85 -0.01 0.83 0.91 0.15 -0.75 -0.96 -0.29 0.65 0.99 0.42 -0.53 -1.00 -0.55 
0.96 0.28 -0.65 -0.99 -0.42 0.54 1.00 0.54 -0.42 -0.99 -0.65 0.28 0.96 0.75 -0.15 -0.91 -0.84 0.00 0.84 0.91 0.14 -0.76 -0.96 -0.28 0.66 0.99 0.41 -0.55 -1.00 -0.53 0.42 0.99 0.65 -0.29 -0.96 -0.75 0.15 0.91 0.83 -0.01 -0.85 -0.90 -0.13 0.77 0.96 0.27 -0.67 -0.99 -0.40 0.56 
0.12 -0.77 -0.95 -0.26 0.67 0.99 0.39 -0.56 -1.00 -0.52 0.44 0.99 0.63 -0.31 -0.97 -0.74 0.17 0.92 0.82 -0.03 -0.86 -0.90 -0.11 0.78 0.95 0.25 -0.68 -0.98 -0.38 0.57 1.00 0.51 -0.45 -0.99 -0.63 0.32 0.97 0.73 -0.18 -0.93 -0.82 0.04 0.86 0.89 0.10 -0.78 -0.95 -0.24 0.69 0.98 
-0.87 -0.89 -0.09 0.79 0.94 0.23 -0.69 -0.98 -0.37 0.58 1.00 0.49 -0.46 -1.00 -0.61 0.33 0.97 0.72 -0.20 -0.93 -0.81 0.06 0.87 0.88 0.08 -0.79 -0.94 -0.22 0.70 0.98 0.36 -0.59 -1.00 -0.49 0.47 1.00 0.61 -0.34 -0.98 -0.71 0.21 0.93 0.80 -0.07 -0.88 -0.88 -0.08 0.80 0.94 0.22 
-0.80 0.08 0.88 0.88 0.07 -0.80 -0.93 -0.21 0.71 0.98 0.34 -0.61 -1.00 -0.47 0.49 1.00 0.59 -0.36 -0.98 -0.70 0.22 0.94 0.79 -0.08 -0.88 -0.87 -0.06 0.81 0.93 0.20 -0.72 -0.97 -0.33 0.61 1.00 0.46 -0.49 -1.00 -0.58 0.37 0.98 0.69 -0.23 -0.94 -0.79 0.09 0.89 0.87 0.05 -0.81 
0.24 0.95 0.78 -0.10 -0.89 -0.86 -0.04 0.82 0.93 0.18 -0.73 -0.97 -0.32 0.63 0.99 0.45 -0.51 -1.00 -0.57 0.38 0.98 0.68 -0.25 -0.95 -0.78 0.11 0.90 0.86 0.03 -0.82 -0.92 -0.17 0.74 0.97 0.31 -0.63 -0.99 -0.44 0.52 1.00 0.56 -0.39 -0.99 -0.67 0.26 0.95 0.77 -0.12 -0.90 -0.85 
0.99 0.67 -0.27 -0.96 -0.77 0.13 0.90 0.85 0.01 -0.83 -0.91 -0.15 0.75 0.96 0.29 -0.65 -0.99 -0.42 0.53 1.00 0.55 -0.41 -0.99 -0.66 0.28 0.96 0.76 -0.14 -0.91 -0.84 -0.00 0.84 0.91 0.15 -0.75 -0.96 -0.28 0.65 0.99 0.42 -0.54 -1.00 -0.54 0.42 0.99 0.65 -0.28 -0.96 -0.75 0.15 
0.53 -0.42 -0.99 -0.65 0.29 0.96 0.75 -0.15 -0.91 -0.83 0.01 0.85 0.90 0.13 -0.77 -0.96 -0.27 0.67 0.99 0.40 -0.56 -1.00 -0.53 0.43 0.99 0.64 -0.30 -0.96 -0.74 0.16 0.92 0.83 -0.02 -0.85 -0.90 -0.12 0.77 0.95 0.26 -0.67 -0.99 -0.39 0.56 1.00 0.52 -0.44 -0.99 -0.63 0.31 0.97 
-0.57 -1.00 -0.51 0.45 0.99 0.63 -0.32 -0.97 -0.73 0.18 0.93 0.82 -0.04 -0.86 -0.89 -0.10 0.78 0.95 0.24 -0.69 -0.98 -0.38 0.58 1.00 0.50 -0.46 -1.00 -0.62 0.33 0.97 0.72 -0.19 -0.93 -0.81 0.05 0.87 0.89 0.09 -0.79 -0.94 -0.23 0.69 0.98 0.37 -0.58 -1.00 -0.49 0.46 1.00 0.61 
-0.98 -0.36 0.59 1.00 0.49 -0.47 -1.00 -0.61 0.34 0.98 0.71 -0.21 -0.93 -0.80 0.07 0.88 0.88 0.08 -0.80 -0.94 -0.22 0.71 0.98 0.35 -0.60 -1.00 -0.48 0.48 1.00 0.60 -0.35 -0.98 -0.71 0.22 0.94 0.80 -0.08 -0.88 -0.88 -0.07 0.80 0.93 0.21 -0.71 -0.98 -0.34 0.61 1.00 0.47 -0.49 
-0.20 0.72 0.97 0.33 -0.61 -1.00 -0.46 0.49 1.00 0.58 -0.37 -0.98 -0.69 0.23 0.94 0.79 -0.09 -0.89 -0.87 -0.05 0.81 0.93 0.19 -0.72 -0.97 -0.33 0.62 1.00 0.46 -0.50 -1.00 -0.58 0.38 0.98 0.69 -0.24 -0.95 -0.78 0.10 0.89 0.86 0.04 -0.82 -0.93 -0.18 0.73 0.97 0.32 -0.63 -0.99 
0.82 0.92 0.17 -0.74 -0.97 -0.31 0.63 0.99 0.44 -0.52 -1.00 -0.56 0.39 0.99 0.67 -0.26 -0.95 -0.77 0.12 0.90 0.85 0.02 -0.83 -0.92 -0.16 0.74 0.96 0.30 -0.64 -0.99 -0.43 0.53 1.00 0.56 -0.40 -0.99 -0.67 0.27 0.96 0.77 -0.13 -0.90 -0.85 -0.01 0.83 0.91 0.15 -0.75 -0.96 -0.29 
0.84 0.00 -0.84 -0.91 -0.15 0.75 0.96 0.28 -0.65 -0.99 -0.42 0.54 1.00 0.54 -0.42 -0.99 -0.65 0.28 0.96 0.75 -0.15 -0.91 -0.84 0.00 0.84 0.91 0.14 -0.76 -0.96 -0.28 0.66 0.99 0.41 -0.55 -1.00 -0.53 0.42 0.99 0.65 -0.29 -0.96 -0.75 0.15 0.91 0.83 -0.01 -0.85 -0.90 -0.13 0.77 
-0.16 -0.92 -0.83 0.02 0.85 0.90 0.12 -0.77 -0.95 -0.26 0.67 0.99 0.39 -0.56 -1.00 -0.52 0.44 0.99 0.63 -0.31 -0.97 -0.74 0.17 0.92 0.82 -0.03 -0.86 -0.90 -0.11 0.78 0.95 0.25 -0.68 -0.98 -0.38 0.57 1.00 0.51 -0.45 -0.99 -0.63 0.32 0.97 0.73 -0.18 -0.93 -0.82 0.04 0.86 0.89 
-0.97 -0.72 0.19 0.93 0.81 -0.05 -0.87 -0.89 -0.09 0.79 0.94 0.23 -0.69 -0.98 -0.37 0.58 1.00 0.49 -0.46 -1.00 -0.61 0.33 0.97 0.72 -0.20 -0.93 -0.81 0.06 0.87 0.88 0.08 -0.79 -0.94 -0.22 0.70 0.98 0.36 -0.59 -1.00 -0.49 0.47 1.00 0.61 -0.34 -0.98 -0.71 0.21 0.93 0.80 -0.07 
-0.60 0.35 0.98 0.71 -0.22 -0.94 -0.80 0.08 0.88 0.88 0.07 -0.80 -0.93 -0.21 0.71 0.98 0.34 -0.61 -1.00 -0.47 0.49 1.00 0.59 -0.36 -0.98 -0.70 0.22 0.94 0.79 -0.08 -0.88 -0.87 -0.06 0.81 0.93 0.20 -0.72 -0.97 -0.33 0.61 1.00 0.46 -0.50 -1.00 -0.58 0.37 0.98 0.69 -0.23 -0.94 
0.50 1.00 0.58 -0.38 -0.98 -0.69 0.24 0.95 0.78 -0.10 -0.89 -0.86 -0.04 0.82 0.93 0.18 -0.73 -0.97 -0.32 0.63 0.99 0.45 -0.51 -1.00 -0.57 0.38 0.98 0.68 -0.25 -0.95 -0.78 0.11 0.90 0.86 0.03 -0.82 -0.92 -0.17 0.74 0.97 0.31 -0.63 -0.99 -0.44 0.52 1.00 0.56 -0.39 -0.99 -0.67 
0.99 0.43 -0.53 -1.00 -0.55 0.40 0.99 0.67 -0.27 -0.96 -0.77 0.13 0.90 0.85 0.01 -0.83 -0.91 -0.15 0.75 0.96 0.29 -0.65 -0.99 -0.42 0.53 1.00 0.55 -0.41 -0.99 -0.66 0.28 0.96 0.76 -0.14 -0.91 -0.84 -0.00 0.84 0.91 0.15 -0.75 -0.96 -0.28 0.65 0.99 0.42 -0.54 -1.00 -0.54 0.42 
0.28 -0.66 -0.99 -0.41 0.55 1.00 0.53 -0.42 -0.99 -0.65 0.29 0.96 0.75 -0.15 -0.91 -0.83 0.01 0.85 0.90 0.13 -0.77 -0.96 -0.27 0.67 0.99 0.40 -0.56 -1.00 -0.53 0.43 0.99 0.64 -0.30 -0.97 -0.74 0.16 0.92 0.83 -0.02 -0.85 -0.90 -0.12 0.77 0.95 0.26 -0.67 -0.99 -0.39 0.56 1.00 
-0.78 -0.95 -0.25 0.68 0.98 0.38 -0.57 -1.00 -0.51 0.45 0.99 0.63 -0.32 -0.97 -0.73 0.18 0.93 0.82 -0.04 -0.86 -0.89 -0.10 0.78 0.95 0.24 -0.69 -0.98 -0.38 0.58 1.00 0.50 -0.46 -1.00 -0.62 0.33 0.97 0.72 -0.19 -0.93 -0.81 0.05 0.87 0.89 0.09 -0.79 -0.94 -0.23 0.69 0.98 0.37 
-0.88 -0.08 0.79 0.94 0.22 -0.70 -0.98 -0.36 0.59 1.00 0.49 -0.47 -1.00 -0.61 0.34 0.98 0.71 -0.21 -0.93 -0.80 0.07 0.88 0.88 0.07 -0.80 -0.94 -0.21 0.71 0.98 0.35 -0.60 -1.00 -0.48 0.48 1.00 0.60 -0.35 -0.98 -0.71 0.22 0.94 0.80 -0.08 -0.88 -0.88 -0.07 0.80 0.93 0.21 -0.71 
0.08 0.88 0.87 0.06 -0.81 -0.93 -0.20 0.72 0.97 0.33 -0.61 -1.00 -0.46 0.50 1.00 0.58 -0.37 -0.98 -0.69 0.23 0.94 0.79 -0.09 -0.89 -0.87 -0.05 0.81 0.93 0.19 -0.72 -0.97 -0.33 0.62 1.00 0.46 -0.50 -1.00 -0.58 0.38 0.98 0.69 -0.24 -0.95 -0.78 0.10 0.89 0.86 0.04 -0.82 -0.93 
0.95 0.78 -0.11 -0.90 -0.86 -0.03 0.82 0.92 0.17 -0.74 -0.97 -0.31 0.63 0.99 0.44 -0.52 -1.00 -0.56 0.39 0.99 0.67 -0.26 -0.95 -0.77 0.12 0.90 0.85 0.02 -0.83 -0.92 -0.16 0.74 0.96 0.30 -0.64 -0.99 -0.43 0.53 1.00 0.55 -0.40 -0.99 -0.67 0.27 0.96 0.77 -0.13 -0.90 -0.85 -0.01 
0.66 -0.28 -0.96 -0.76 0.14 0.91 0.84 0.00 -0.84 -0.91 -0.15 0.75 0.96 0.28 -0.65 -0.99 -0.42 0.54 1.00 0.54 -0.42 -0.99 -0.65 0.28 0.96 0.75 -0.15 -0.91 -0.84 0.00 0.84 0.91 0.14 -0.76 -0.96 -0.27 0.66 0.99 0.41 -0.55 -1.00 -0.53 0.42 0.99 0.65 -0.29 -0.96 -0.75 0.15 0.91 
-0.43 -0.99 -0.64 0.30 0.97 0.74 -0.16 -0.92 -0.83 0.02 0.85 0.90 0.12 -0.77 -0.95 -0.26 0.67 0.99 0.39 -0.56 -1.00 -0.52 0.44 0.99 0.63 -0.31 -0.97 -0.74 0.17 0.92 0.82 -0.03 -0.86 -0.90 -0.11 0.78 0.95 0.25 -0.68 -0.98 -0.38 0.57 1.00 0.51 -0.45 -0.99 -0.63 0.32 0.97 0.73 
-1.00 -0.50 0.46 1.00 0.62 -0.33 -0.97 -0.72 0.19 0.93 0.81 -0.05 -0.87 -0.89 -0.09 0.79 0.94 0.23 -0.69 -0.98 -0.37 0.58 1.00 0.49 -0.46 -1.00 -0.61 0.33 0.97 0.72 -0.20 -0.93 -0.81 0.06 0.87 0.88 0.08 -0.79 -0.94 -0.22 0.70 0.98 0.36 -0.59 -1.00 -0.49 0.47 1.00 0.61 -0.34 
-0.35 0.60 1.00 0.48 -0.48 -1.00 -0.60 0.35 0.98 0.71 -0.22 -0.94 -0.80 0.08 0.88 0.88 0.07 -0.80 -0.93 -0.21 0.71 0.98 0.34 -0.61 -1.00 -0.47 0.49 1.00 0.59 -0.36 -0.98 -0.70 0.22 0.94 0.79 -0.08 -0.88 -0.87 -0.06 0.81 0.93 0.20 -0.72 -0.97 -0.33 0.61 1.00 0.46 -0.50 -1.00 
0.72 0.97 0.33 -0.62 -1.00 -0.46 0.50 1.00 0.58 -0.38 -0.98 -0.69 0.24 0.95 0.78 -0.10 -0.89 -0.86 -0.04 0.82 0.93 0.18 -0.73 -0.97 -0.32 0.63 0.99 0.45 -0.51 -1.00 -0.57 0.38 0.98 0.68 -0.25 -0.95 -0.78 0.11 0.90 0.86 0.03 -0.82 -0.92 -0.17 0.74 0.97 0.31 -0.63 -0.99 -0.44 
0.92 0.16 -0.74 -0.96 -0.30 0.64 0.99 0.43 -0.53 -1.00 -0.55 0.40 0.99 0.67 -0.27 -0.96 -0.77 0.13 0.90 0.85 0.01 -0.83 -0.91 -0.15 0.75 0.96 0.29 -0.65 -0.99 -0.42 0.53 1.00 0.55 -0.41 -0.99 -0.66 0.28 0.96 0.76 -0.14 -0.91 -0.84 -0.00 0.84 0.91 0.15 -0.75 -0.96 -0.28 0.65 
-0.00 -0.84 -0.91 -0.14 0.76 0.96 0.27 -0.66 -0.99 -0.41 0.55 1.00 0.53 -0.42 -0.99 -0.65 0.29 0.96 0.75 -0.15 -0.91 -0.83 0.01 0.85 0.90 0.13 -0.77 -0.96 -0.27 0.67 0.99 0.40 -0.56 -1.00 -0.53 0.43 0.99 0.64 -0.30 -0.97 -0.74 0.16 0.92 0.83 -0.02 -0.85 -0.90 -0.12 0.77 0.95 
-0.92 -0.82 0.03 0.86 0.90 0.11 -0.78 -0.95 -0.25 0.68 0.98 0.38 -0.57 -1.00 -0.51 0.45 0.99 0.63 -0.32 -0.97 -0.73 0.18 0.93 0.82 -0.04 -0.86 -0.89 -0.10 0.78 0.95 0.24 -0.69 -0.98 -0.38 0.58 1.00 0.50 -0.46 -1.00 -0.62 0.33 0.97 0.72 -0.19 -0.93 -0.81 0.05 0.87 0.89 0.09 
-0.72 0.20 0.93 0.81 -0.06 -0.87 -0.88 -0.08 0.79 0.94 0.22 -0.70 -0.98 -0.36 0.59 1.00 0.49 -0.47 -1.00 -0.61 0.34 0.98 0.71 -0.21 -0.93 -0.80 0.07 0.88 0.88 0.07 -0.80 -0.94 -0.21 0.71 0.98 0.35 -0.60 -1.00 -0.48 0.48 1.00 0.60 -0.35 -0.98 -0.71 0.22 0.94 0.80 -0.08 -0.88 
0.36 0.98 0.70 -0.22 -0.94 -0.79 0.08 0.88 0.87 0.06 -0.81 -0.93 -0.20 0.72 0.97 0.33 -0.61 -1.00 -0.46 0.50 1.00 0.58 -0.37 -0.98 -0.69 0.23 0.94 0.79 -0.09 -0.89 -0.87 -0.05 0.81 0.93 0.19 -0.72 -0.97 -0.33 0.62 1.00 0.46 -0.50 -1.00 -0.58 0.38 0.98 0.69 -0.24 -0.95 -0.78 
1.00 0.57 -0.38 -0.98 -0.68 0.25 0.95 0.78 -0.11 -0.90 -0.86 -0.03 0.82 0.92 0.17 -0.74 -0.97 -0.31 0.63 0.99 0.44 -0.52 -1.00 -0.56 0.39 0.99 0.67 -0.26 -0.95 -0.77 0.12 0.90 0.85 0.02 -0.83 -0.92 -0.16 0.74 0.96 0.30 -0.64 -0.99 -0.43 0.53 1.00 0.55 -0.40 -0.99 -0.67 0.27 
0.42 -0.53 -1.00 -0.55 0.41 0.99 0.66 -0.28 -0.96 -0.76 0.14 0.91 0.84 0.00 -0.84 -0.91 -0.15 0.75 0.96 0.28 -0.65 -0.99 -0.42 0.54 1.00 0.54 -0.42 -0.99 -0.65 0.28 0.96 0.75 -0.15 -0.91 -0.84 0.00 0.84 0.91 0.14 -0.76 -0.96 -0.27 0.66 0.99 0.41 -0.55 -1.00 -0.53 0.42 0.99 
-0.67 -0.99 -0.40 0.56 1.00 0.53 -0.43 -0.99 -0.64 0.30 0.97 0.74 -0.16 -0.92 -0.83 0.02 0.85 0.90 0.12 -0.77 -0.95 -0.26 0.67 0.99 0.39 -0.56 -1.00 -0.52 0.44 0.99 0.63 -0.31 -0.97 -0.74 0.17 0.92 0.82 -0.03 -0.86 -0.90 -0.11 0.78 0.95 0.25 -0.68 -0.98 -0.38 0.57 1.00 0.51 
-0.95 -0.24 0.69 0.98 0.38 -0.58 -1.00 -0.50 0.46 1.00 0.62 -0.33 -0.97 -0.72 0.19 0.93 0.81 -0.05 -0.87 -0.89 -0.09 0.79 0.94 0.23 -0.69 -0.98 -0.37 0.58 1.00 0.49 -0.46 -1.00 -0.61 0.33 0.97 0.72 -0.20 -0.93 -0.81 0.06 0.87 0.88 0.08 -0.79 -0.94 -0.22 0.70 0.98 0.36 -0.59 
-0.07 0.80 0.94 0.21 -0.71 -0.98 -0.35 0.60 1.00 0.48 -0.48 -1.00 -0.60 0.35 0.98 0.71 -0.22 -0.94 -0.80 0.08 0.88 0.88 0.07 -0.80 -0.93 -0.21 0.71 0.98 0.34 -0.61 -1.00 -0.47 0.49 1.00 0.59 -0.36 -0.98 -0.70 0.22 0.94 0.79 -0.08 -0.88 -0.87 -0.06 0.81 0.93 0.20 -0.72 -0.97 
0.89 0.87 0.05 -0.81 -0.93 -0.19 0.72 0.97 0.33 -0.62 -1.00 -0.46 0.50 1.00 0.58 -0.38 -0.98 -0.69 0.24 0.95 0.78 -0.10 -0.89 -0.86 -0.04 0.82 0.93 0.18 -0.73 -0.97 -0.32 0.63 0.99 0.45 -0.51 -1.00 -0.57 0.38 0.98 0.68 -0.25 -0.95 -0.78 0.11 0.90 0.86 0.03 -0.82 -0.92 -0.17 
0.77 -0.12 -0.90 -0.85 -0.02 0.83 0.92 0.16 -0.74 -0.96 -0.30 0.64 0.99 0.43 -0.53 -1.00 -0.55 0.40 0.99 0.67 -0.27 -0.96 -0.77 0.13 0.90 0.85 0.01 -0.83 -0.91 -0.15 0.75 0.96 0.29 -0.65 -0.99 -0.42 0.53 1.00 0.55 -0.41 -0.99 -0.66 0.28 0.96 0.76 -0.14 -0.91 -0.84 -0.00 0.84 
