
25.396171 25.396171
28.601296 28.601296
27.510879 27.510879
29.824057 29.824057
31.727280 31.727280
29.742303 29.742303
32.447381 32.447381
45.259577 45.259577
33.070181 33.070181
43.344103 43.344103
38.779347 38.779347
43.313233 43.313233
37.810251 37.810251
25.396171 25.396171
28.601296 28.601296
27.510879 27.510879
29.824057 29.824057
31.727280 31.727280
29.742303 29.742303
32.447381 32.447381
45.259577 45.259577
33.070181 33.070181
43.344103 43.344103
38.779347 38.779347
43.313233 43.313233
37.810251 37.810251
25.396171 25.396171
28.601296 28.601296
27.510879 27.510879
29.824057 29.824057
31.727280 31.727280
29.742303 29.742303
32.447381 32.447381
45.259577 45.259577
33.070181 33.070181
43.344103 43.344103
38.779347 38.779347
43.313233 43.313233
37.810251 37.810251
25.396171 25.396171
28.601296 28.601296
27.510879 27.510879
29.824057 29.824057
31.727280 31.727280
29.742303 29.742303
32.447381 32.447381
45.259577 45.259577
33.070181 33.070181
43.344103 43.344103
38.779347 38.779347
43.313233 43.313233
37.810251 37.810251
34.342912 34.342912
34.868262 34.868262
34.423049 34.423049
34.306933 34.306933
34.279865 34.279865
34.628824 34.628824
25.396171 25.396171
28.601296 28.601296
27.510879 27.510879
29.824057 29.824057
31.727280 31.727280
29.742303 29.742303
32.447381 32.447381
45.259577 45.259577
33.070181 33.070181
43.344103 43.344103
38.779347 38.779347
43.313233 43.313233
37.810251 37.810251
25.396171 25.396171
28.601296 28.601296
27.510879 27.510879
29.824057 29.824057
31.727280 31.727280
29.742303 29.742303
32.447381 32.447381
45.259577 45.259577
33.070181 33.070181
43.344103 43.344103
38.779347 38.779347
43.313233 43.313233
37.810251 37.810251
25.396171 25.396171
28.601296 28.601296
27.510879 27.510879
29.824057 29.824057
31.727280 31.727280
29.742303 29.742303
32.447381 32.447381
45.259577 45.259577
33.070181 33.070181
43.344103 43.344103
38.779347 38.779347
43.313233 43.313233
37.810251 37.810251
25.396171 25.396171
28.601296 28.601296
27.510879 27.510879
29.824057 29.824057
31.727280 31.727280
29.742303 29.742303
32.447381 32.447381
45.259577 45.259577
33.070181 33.070181
43.344103 43.344103
38.779347 38.779347
43.313233 43.313233
37.810251 37.810251
25.396171 25.396171
28.601296 28.601296
27.510879 27.510879
29.824057 29.824057
31.727280 31.727280
29.742303 29.742303
32.447381 32.447381
45.259577 45.259577
33.070181 33.070181
43.344103 43.344103
38.779347 38.779347
43.313233 43.313233
37.810251 37.810251
25.396171 25.396171
28.601296 28.601296
27.510879 27.510879
29.824057 29.824057
31.727280 31.727280
29.742303 29.742303
32.447381 32.447381
45.259577 45.259577
33.070181 33.070181
43.344103 43.344103
38.779347 38.779347
43.313233 43.313233
37.810251 37.810251
25.396171 25.396171
28.601296 28.601296
27.510879 27.510879
29.824057 29.824057
31.727280 31.727280
25.396171 25.396171
28.601296 28.601296
27.510879 27.510879
29.824057 29.824057
31.727280 31.727280
29.742303 29.742303
32.447381 32.447381
45.259577 45.259577
33.070181 33.070181
43.344103 43.344103
38.779347 38.779347
25.396171 25.396171
28.601296 28.601296
25.396171 25.396171
28.601296 28.601296
27.510879 27.510879
29.824057 29.824057
31.727280 31.727280
29.742303 29.742303
32.447381 32.447381
45.259577 45.259577
33.070181 33.070181
43.344103 43.344103
38.779347 38.779347
43.313233 43.313233
37.810251 37.810251
25.396171 25.396171
28.601296 28.601296
27.510879 27.510879
29.824057 29.824057
31.727280 31.727280
29.742303 29.742303
32.447381 32.447381
45.259577 45.259577
33.070181 33.070181
43.344103 43.344103
38.779347 38.779347
43.313233 43.313233
37.810251 37.810251
25.396171 25.396171
28.601296 28.601296
27.510879 27.510879
29.824057 29.824057
31.727280 31.727280
29.742303 29.742303
32.447381 32.447381
45.259577 45.259577
33.070181 33.070181
43.344103 43.344103
38.779347 38.779347
43.313233 43.313233
37.810251 37.810251
25.396171 25.396171
28.601296 28.601296
27.510879 27.510879
29.824057 29.824057
31.727280 31.727280
29.742303 29.742303
32.447381 32.447381
45.259577 45.259577
33.070181 33.070181
43.344103 43.344103
38.779347 38.779347
43.313233 43.313233
37.810251 37.810251
25.396171 25.396171
28.601296 28.601296
27.510879 27.510879
29.824057 29.824057
31.727280 31.727280
29.742303 29.742303
32.447381 32.447381
45.259577 45.259577
33.070181 33.070181
43.344103 43.344103
38.779347 38.779347
43.313233 43.313233
37.810251 37.810251
25.396171 25.396171
28.601296 28.601296
27.510879 27.510879
29.824057 29.824057
31.727280 31.727280
29.742303 29.742303
32.447381 32.447381
45.259577 45.259577
33.070181 33.070181
43.344103 43.344103
38.779347 38.779347
43.313233 43.313233
37.810251 37.810251